1,56279,0,0,0,0
2,56579,0,0,0,0
3,56879,0,0,0,0
4,57179,0,0,0,0
5,57479,0,0,0,0
6,57779,0,0,0,0
7,58079,0,0,0,0
8,58379,0,0,0,0
9,58679,0,0,0,0
10,58979,0,0,0,0
11,59279,0,0,0,0
12,59579,0,0,0,0
13,59879,0,0,0,0
14,60179,0,0,0,0
15,60479,0,0,0,0
16,60779,0,0,0,0
17,61079,0,0,0,0
18,61379,0,0,0,0
19,61679,0,0,0,0
20,61979,0,0,0,0
21,62279,0,0,0,0
22,62579,0,0,0,0
23,62879,0,0,0,0
24,63179,0,0,0,0
25,63479,0,0,0,0
26,63779,0,0,0,0
27,64079,0,0,0,0
28,64379,0,0,0,0
29,64679,0,0,0,0
30,64979,0,0,0,0
31,65279,0,0,0,0
32,65579,0,0,0,0
33,65879,0,0,0,0
34,66179,0,0,0,0
35,66479,0,0,0,0
36,66779,0,0,0,0
37,67079,0,0,0,0
38,67379,0,0,0,0
39,67679,0,0,0,0
40,67979,0,0,0,0
41,68279,0,0,0,0
42,68579,0,0,0,0
43,68879,0,0,0,0
44,69179,0,0,0,0
45,69479,0,0,0,0
46,69779,0,0,0,0
47,70079,0,0,0,0
48,70379,0,0,0,0
49,70679,0,0,0,0
50,70979,0,0,0,0
51,71279,0,0,0,0
52,71579,0,0,0,0
53,71879,0,0,0,0
54,72179,0,0,0,0
55,72479,0,0,0,0
56,72779,0,0,0,0
57,73079,0,0,0,0
58,73379,0,0,0,0
59,73679,0,0,0,0
60,73979,0,0,0,0
61,74279,0,0,0,0
62,74579,0,0,0,0
63,74879,0,0,0,0
64,75179,0,0,0,0
65,75479,0,0,0,0
66,75779,0,0,0,0
67,76079,0,0,0,0
68,76379,0,0,0,0
69,76679,0,0,0,0
70,76979,0,0,0,0
71,77279,0,0,0,0
72,77579,0,0,0,0
73,77879,0,0,0,0
74,78179,0,0,0,0
75,78479,0,0,0,0
76,78779,0,0,0,0
77,79079,0,0,0,0
78,79379,0,0,0,0
79,79679,0,0,0,0
80,79979,0,0,0,0
81,80279,0,0,0,0
82,80579,0,0,0,0
83,80879,0,0,0,0
84,81179,0,0,0,0
85,81479,0,0,0,0
86,81779,0,0,0,0
87,82079,0,0,0,0
88,82379,0,0,0,0
89,82679,0,0,0,0
90,82979,0,0,0,0
91,83279,0,0,0,0
92,83579,0,0,0,0
93,83879,0,0,0,0
94,84179,0,0,0,0
95,84479,0,0,0,0
96,84779,0,0,0,0
97,85079,0,0,0,0
98,85379,0,0,0,0
99,85679,0,0,0,0
100,85979,0,0,0,0
101,86279,0,0,62,0
102,86579,0,0,62,0
103,86879,0,0,62,0
104,87179,0,0,62,32
105,87479,0,0,62,64
106,87779,0,0,62,80
107,88079,0,0,62,64
108,88379,0,0,62,80
109,88679,-1,-1000,62,80
110,88979,-1,-1000,62,80
111,89279,-1,-1000,62,64
112,89579,-1,-1000,62,64
113,89879,-1,-1000,62,64
114,90179,-1,-1000,62,80
115,90479,-1,0,62,80
116,90779,-1,0,62,80
117,91079,-1,0,62,80
118,91379,-1,0,62,80
119,91679,-1,0,62,80
120,91979,-1,0,62,80
121,92279,-1,0,62,80
122,92579,-1,0,62,80
123,92879,-1,0,62,80
124,93179,-1,0,62,80
125,93479,-1,0,62,80
126,93779,-1,0,62,80
127,94079,-2,-1000,62,80
128,94379,-2,-1000,62,80
129,94679,-2,-1000,62,80
130,94979,-2,-1000,62,80
131,95279,-2,-1000,62,80
132,95579,-2,-1000,62,80
133,95879,-2,0,62,80
134,96179,-2,0,62,80
135,96479,-2,0,62,80
136,96779,-2,0,62,80
137,97079,-2,0,62,80
138,97379,-2,0,62,80
139,97679,-2,0,62,80
140,97979,-2,0,62,80
141,98279,-2,0,62,80
142,98579,-2,0,62,80
143,98879,-2,0,62,80
144,99179,-2,0,62,80
145,99479,-2,0,62,80
146,99779,-2,0,62,80
147,100079,-2,0,62,80
148,100379,-2,0,62,80
149,100679,-2,0,62,80
150,100979,-2,0,62,80
151,101279,-2,0,62,80
152,101579,-2,0,62,80
153,101879,-2,0,62,80
154,102179,-2,0,62,80
155,102479,-2,0,62,80
156,102779,-2,0,62,80
157,103079,-2,0,62,80
158,103379,-2,0,62,80
159,103679,-2,0,62,80
160,103979,-2,0,62,80
161,104279,-2,0,62,80
162,104579,-2,0,62,80
163,104879,-2,0,62,80
164,105179,-2,0,62,80
165,105479,-2,0,62,80
166,105779,-2,0,62,80
167,106079,-2,0,62,80
168,106379,-2,0,62,80
169,106679,-2,0,62,80
170,106979,-2,0,62,80
171,107279,-2,0,62,80
172,107579,-2,0,62,80
173,107879,-2,0,62,80
174,108179,-2,0,62,80
175,108479,-2,0,62,80
176,108779,-2,0,62,80
177,109079,-2,0,62,80
178,109379,-2,0,62,80
179,109679,-2,0,62,80
180,109979,-2,0,62,80
181,110279,-2,0,62,80
182,110579,-2,0,62,80
183,110879,-2,0,62,80
184,111179,-2,0,62,80
185,111479,-2,0,62,80
186,111779,-2,0,62,80
187,112079,-2,0,62,80
188,112379,-2,0,62,80
189,112679,-2,0,62,80
190,112979,-2,0,62,80
191,113279,-2,0,62,80
192,113579,-2,0,62,80
193,113879,-2,0,62,80
194,114179,-2,0,62,80
195,114479,-2,0,62,80
196,114779,-2,0,62,80
197,115079,-2,0,62,80
198,115379,-2,0,62,80
199,115679,-2,0,62,80
200,115979,-2,0,62,80
201,116279,-2,0,62,80
202,116579,-2,0,62,80
203,116879,-2,0,62,80
204,117179,-2,0,62,80
205,117479,-2,0,62,80
206,117779,-2,0,62,80
207,118079,-2,0,62,80
208,118379,-2,0,62,80
209,118679,-2,0,62,80
210,118979,-2,0,62,80
211,119279,-2,0,62,80
212,119579,-2,0,62,80
213,119879,-2,0,62,80
214,120179,-2,0,62,80
215,120479,-2,0,62,80
216,120779,-2,0,62,80
217,121079,-2,0,62,80
218,121379,-2,0,62,80
219,121679,-2,0,62,80
220,121979,-2,0,62,80
221,122279,-2,0,62,80
222,122579,-2,0,62,80
223,122879,-2,0,62,80
224,123179,-2,0,62,80
225,123479,-2,0,62,80
226,123779,-2,0,62,80
227,124079,-2,0,62,80
228,124379,-2,0,62,80
229,124679,-2,0,62,80
230,124979,-2,0,62,80
231,125279,-2,0,62,80
232,125579,-2,0,62,80
233,125879,-2,0,62,80
234,126179,-2,0,62,80
235,126479,-2,0,62,80
236,126779,-2,0,62,80
237,127079,-2,0,62,80
238,127379,-2,0,62,80
239,127679,-2,0,62,80
240,127979,-2,0,62,80
241,128279,-2,0,62,80
242,128579,-2,0,62,80
243,128879,-2,0,62,80
244,129179,-2,0,62,80
245,129479,-2,0,62,80
246,129779,-2,0,62,80
247,130079,-2,0,62,80
248,130379,-2,0,62,80
249,130679,-2,0,62,80
250,130979,-2,0,62,80
251,131279,-2,0,0,80
252,131579,-2,0,0,80
253,131879,-2,0,0,80
254,132179,-2,0,0,16
255,132479,-2,0,0,0
256,132779,-2,0,0,0
257,133079,-2,0,0,0
258,133379,-2,0,0,0
259,133679,-2,0,0,0
260,133979,-2,0,0,0
261,134279,-2,0,0,0
262,134579,-2,0,0,0
263,134879,-2,0,0,0
264,135179,-2,0,0,0
265,135479,-1,1000,0,0
266,135779,-1,1000,0,0
267,136079,-1,1000,0,0
268,136379,-1,1000,0,0
269,136679,-1,1000,0,0
270,136979,-1,1000,0,0
271,137279,-1,0,0,0
272,137579,-1,0,0,0
273,137879,-1,0,0,0
274,138179,-1,0,0,0
275,138479,-1,0,0,0
276,138779,-1,0,0,0
277,139079,-1,0,0,0
278,139379,-1,0,0,0
279,139679,-1,0,0,0
280,139979,-1,0,0,0
281,140279,-1,0,0,0
282,140579,-1,0,0,0
283,140879,-1,0,0,0
284,141179,-1,0,0,0
285,141479,-1,0,0,0
286,141779,-1,0,0,0
287,142079,-1,0,0,0
288,142379,-1,0,0,0
289,142679,-1,0,0,0
290,142979,-1,0,0,0
291,143279,-1,0,0,0
292,143579,-1,0,0,0
293,143879,-1,0,0,0
294,144179,-1,0,0,0
295,144479,-1,0,0,0
296,144779,-1,0,0,0
297,145079,-1,0,0,0
298,145379,-1,0,0,0
299,145679,-1,0,0,0
300,145979,-1,0,0,0
301,146279,-1,0,0,0
302,146579,-1,0,0,0
303,146879,-1,0,0,0
304,147179,-1,0,0,0
305,147479,-1,0,0,0
306,147779,-1,0,0,0
307,148079,-1,0,0,0
308,148379,-1,0,0,0
309,148679,-1,0,0,0
310,148979,-1,0,0,0
311,149279,-1,0,0,0
312,149579,-1,0,0,0
313,149879,-1,0,0,0
314,150179,-1,0,0,0
315,150479,-1,0,0,0
316,150779,-1,0,0,0
317,151079,-1,0,0,0
318,151379,-1,0,0,0
319,151679,-1,0,0,0
320,151979,-1,0,0,0
321,152279,-1,0,0,0
322,152579,-1,0,0,0
323,152879,-1,0,0,0
324,153179,-1,0,0,0
325,153479,-1,0,0,0
326,153779,-1,0,0,0
327,154079,-1,0,0,0
328,154379,-1,0,0,0
329,154679,-1,0,0,0
330,154979,-1,0,0,0
331,155279,-1,0,0,0
332,155579,-1,0,0,0
333,155879,-1,0,0,0
334,156179,-1,0,0,0
335,156479,-1,0,0,0
336,156779,-1,0,0,0
337,157079,-1,0,0,0
338,157379,-1,0,0,0
339,157679,-1,0,0,0
340,157979,-1,0,0,0
341,158279,-1,0,0,0
342,158579,-1,0,0,0
343,158879,-1,0,0,0
344,159179,-1,0,0,0
345,159479,-1,0,0,0
346,159779,-1,0,0,0
347,160079,-1,0,0,0
348,160379,-1,0,0,0
349,160679,-1,0,0,0
350,160979,-1,0,0,0
351,161279,-1,0,93,0
352,161579,-1,0,93,0
353,161879,-1,0,93,0
354,162179,-1,0,93,160
355,162479,-1,0,93,304
356,162779,-1,0,93,320
357,163079,-1,0,93,304
358,163379,-1,0,93,320
359,163679,-1,0,93,320
360,163979,-1,0,93,320
361,164279,-3,-2000,93,304
362,164579,-3,-2000,93,304
363,164879,-3,-2000,93,304
364,165179,-3,-2000,93,304
365,165479,-3,-2000,93,304
366,165779,-3,-2000,93,320
367,166079,-4,-1000,93,320
368,166379,-4,-1000,93,320
369,166679,-4,-1000,93,320
370,166979,-4,-1000,93,320
371,167279,-4,-1000,93,320
372,167579,-4,-1000,93,320
373,167879,-5,-1000,93,320
374,168179,-5,-1000,93,320
375,168479,-5,-1000,93,320
376,168779,-5,-1000,93,320
377,169079,-5,-1000,93,336
378,169379,-5,-1000,93,336
379,169679,-5,0,93,336
380,169979,-5,0,93,336
381,170279,-5,0,93,336
382,170579,-5,0,93,336
383,170879,-5,0,93,336
384,171179,-5,0,93,336
385,171479,-5,0,93,336
386,171779,-5,0,93,336
387,172079,-5,0,93,336
388,172379,-5,0,93,320
389,172679,-5,0,93,320
390,172979,-5,0,93,320
391,173279,-5,0,93,320
392,173579,-5,0,93,320
393,173879,-5,0,93,320
394,174179,-5,0,93,336
395,174479,-5,0,93,336
396,174779,-5,0,93,336
397,175079,-5,0,93,336
398,175379,-5,0,93,336
399,175679,-5,0,93,336
400,175979,-5,0,93,336
401,176279,-5,0,93,336
402,176579,-5,0,93,336
403,176879,-5,0,93,336
404,177179,-5,0,93,336
405,177479,-5,0,93,336
406,177779,-5,0,93,336
407,178079,-5,0,93,336
408,178379,-5,0,93,336
409,178679,-5,0,93,336
410,178979,-5,0,93,336
411,179279,-5,0,93,352
412,179579,-5,0,93,352
413,179879,-5,0,93,336
414,180179,-5,0,93,336
415,180479,-6,-1000,93,336
416,180779,-6,-1000,93,336
417,181079,-6,-1000,93,336
418,181379,-6,-1000,93,336
419,181679,-6,-1000,93,336
420,181979,-6,-1000,93,336
421,182279,-6,0,93,336
422,182579,-6,0,93,336
423,182879,-6,0,93,336
424,183179,-6,0,93,336
425,183479,-6,0,93,336
426,183779,-6,0,93,320
427,184079,-6,0,93,336
428,184379,-6,0,93,336
429,184679,-6,0,93,336
430,184979,-6,0,93,336
431,185279,-6,0,93,320
432,185579,-6,0,93,336
433,185879,-6,0,93,336
434,186179,-6,0,93,336
435,186479,-6,0,93,336
436,186779,-6,0,93,336
437,187079,-6,0,93,336
438,187379,-6,0,93,336
439,187679,-6,0,93,320
440,187979,-6,0,93,320
441,188279,-6,0,93,320
442,188579,-6,0,93,320
443,188879,-6,0,93,320
444,189179,-6,0,93,320
445,189479,-6,0,93,320
446,189779,-6,0,93,320
447,190079,-6,0,93,320
448,190379,-6,0,93,336
449,190679,-6,0,93,336
450,190979,-6,0,93,320
451,191279,-6,0,0,320
452,191579,-6,0,0,320
453,191879,-6,0,0,336
454,192179,-6,0,0,144
455,192479,-6,0,0,16
456,192779,-6,0,0,0
457,193079,-5,1000,0,0
458,193379,-5,1000,0,0
459,193679,-5,1000,0,0
460,193979,-5,1000,0,0
461,194279,-5,1000,0,0
462,194579,-5,1000,0,0
463,194879,-4,1000,0,0
464,195179,-4,1000,0,0
465,195479,-4,1000,0,0
466,195779,-4,1000,0,0
467,196079,-4,1000,0,0
468,196379,-4,1000,0,0
469,196679,-3,1000,0,0
470,196979,-3,1000,0,0
471,197279,-3,1000,0,0
472,197579,-3,1000,0,0
473,197879,-3,1000,0,0
474,198179,-3,1000,0,0
475,198479,-3,0,0,0
476,198779,-3,0,0,0
477,199079,-3,0,0,0
478,199379,-3,0,0,0
479,199679,-3,0,0,0
480,199979,-3,0,0,0
481,200279,-3,0,0,0
482,200579,-3,0,0,0
483,200879,-3,0,0,0
484,201179,-3,0,0,0
485,201479,-3,0,0,0
486,201779,-3,0,0,0
487,202079,-2,1000,0,0
488,202379,-2,1000,0,0
489,202679,-2,1000,0,0
490,202979,-2,1000,0,0
491,203279,-2,1000,0,0
492,203579,-2,1000,0,0
493,203879,-2,0,0,0
494,204179,-2,0,0,0
495,204479,-2,0,0,0
496,204779,-2,0,0,0
497,205079,-2,0,0,0
498,205379,-2,0,0,0
499,205679,-2,0,0,0
500,205979,-2,0,0,0
501,206279,-2,0,125,0
502,206579,-2,0,125,0
503,206879,-2,0,125,0
504,207179,-2,0,125,192
505,207479,-3,-1000,125,624
506,207779,-3,-1000,125,656
507,208079,-3,-1000,125,640
508,208379,-3,-1000,125,624
509,208679,-3,-1000,125,624
510,208979,-3,-1000,125,608
511,209279,-6,-3000,125,624
512,209579,-6,-3000,125,640
513,209879,-6,-3000,125,608
514,210179,-6,-3000,125,624
515,210479,-6,-3000,125,624
516,210779,-6,-3000,125,624
517,211079,-7,-1000,125,640
518,211379,-7,-1000,125,640
519,211679,-7,-1000,125,640
520,211979,-7,-1000,125,640
521,212279,-7,-1000,125,624
522,212579,-7,-1000,125,640
523,212879,-9,-2000,125,624
524,213179,-9,-2000,125,624
525,213479,-9,-2000,125,624
526,213779,-9,-2000,125,640
527,214079,-9,-2000,125,624
528,214379,-9,-2000,125,640
529,214679,-11,-2000,125,640
530,214979,-11,-2000,125,640
531,215279,-11,-2000,125,624
532,215579,-11,-2000,125,624
533,215879,-11,-2000,125,640
534,216179,-11,-2000,125,656
535,216479,-12,-1000,125,640
536,216779,-12,-1000,125,656
537,217079,-12,-1000,125,640
538,217379,-12,-1000,125,624
539,217679,-12,-1000,125,640
540,217979,-12,-1000,125,640
541,218279,-13,-1000,125,656
542,218579,-13,-1000,125,656
543,218879,-13,-1000,125,656
544,219179,-13,-1000,125,656
545,219479,-13,-1000,125,656
546,219779,-13,-1000,125,656
547,220079,-14,-1000,125,656
548,220379,-14,-1000,125,656
549,220679,-14,-1000,125,656
550,220979,-14,-1000,125,672
551,221279,-14,-1000,0,672
552,221579,-14,-1000,0,656
553,221879,-14,0,0,672
554,222179,-14,0,0,288
555,222479,-14,0,0,16
556,222779,-14,0,0,0
557,223079,-14,0,0,0
558,223379,-14,0,0,0
559,223679,-12,2000,0,0
560,223979,-12,2000,0,0
561,224279,-12,2000,0,0
562,224579,-12,2000,0,0
563,224879,-12,2000,0,0
564,225179,-12,2000,0,0
565,225479,-9,3000,0,0
566,225779,-9,3000,0,0
567,226079,-9,3000,0,0
568,226379,-9,3000,0,0
569,226679,-9,3000,0,0
570,226979,-9,3000,0,0
571,227279,-7,2000,0,0
572,227579,-7,2000,0,0
573,227879,-7,2000,0,0
574,228179,-7,2000,0,0
575,228479,-7,2000,0,0
576,228779,-7,2000,0,0
577,229079,-7,0,0,0
578,229379,-7,0,0,0
579,229679,-7,0,0,0
580,229979,-7,0,0,0
581,230279,-7,0,0,0
582,230579,-7,0,0,0
583,230879,-7,0,0,0
584,231179,-7,0,0,0
585,231479,-7,0,0,0
586,231779,-7,0,0,0
587,232079,-7,0,0,0
588,232379,-7,0,0,0
589,232679,-7,0,0,0
590,232979,-7,0,0,0
591,233279,-7,0,0,0
592,233579,-7,0,0,0
593,233879,-7,0,0,0
594,234179,-7,0,0,0
595,234479,-7,0,0,0
596,234779,-7,0,0,0
597,235079,-7,0,0,0
598,235379,-7,0,0,0
599,235679,-7,0,0,0
600,235979,-7,0,0,0
601,236279,-7,0,156,0
602,236579,-7,0,156,0
603,236879,-7,0,156,0
604,237179,-7,0,156,320
605,237479,-7,0,156,1008
606,237779,-7,0,156,1056
607,238079,-9,-2000,156,1056
608,238379,-9,-2000,156,1024
609,238679,-9,-2000,156,992
610,238979,-9,-2000,156,1008
611,239279,-9,-2000,156,1008
612,239579,-9,-2000,156,1008
613,239879,-11,-2000,156,1008
614,240179,-11,-2000,156,992
615,240479,-11,-2000,156,1008
616,240779,-11,-2000,156,976
617,241079,-11,-2000,156,976
618,241379,-11,-2000,156,976
619,241679,-12,-1000,156,976
620,241979,-12,-1000,156,992
621,242279,-12,-1000,156,976
622,242579,-12,-1000,156,992
623,242879,-12,-1000,156,992
624,243179,-12,-1000,156,1008
625,243479,-16,-4000,156,1008
626,243779,-16,-4000,156,992
627,244079,-16,-4000,156,992
628,244379,-16,-4000,156,1008
629,244679,-16,-4000,156,1008
630,244979,-16,-4000,156,1008
631,245279,-18,-2000,156,1024
632,245579,-18,-2000,156,1008
633,245879,-18,-2000,156,1008
634,246179,-18,-2000,156,1008
635,246479,-18,-2000,156,1024
636,246779,-18,-2000,156,1024
637,247079,-20,-2000,156,1040
638,247379,-20,-2000,156,1056
639,247679,-20,-2000,156,1056
640,247979,-20,-2000,156,1056
641,248279,-20,-2000,156,1056
642,248579,-20,-2000,156,1088
643,248879,-21,-1000,156,1104
644,249179,-21,-1000,156,1104
645,249479,-21,-1000,156,1104
646,249779,-21,-1000,156,1088
647,250079,-21,-1000,156,1104
648,250379,-21,-1000,156,1088
649,250679,-21,0,156,1104
650,250979,-21,0,156,1120
651,251279,-21,0,0,1104
652,251579,-21,0,0,1088
653,251879,-21,0,0,1088
654,252179,-21,0,0,448
655,252479,-21,0,0,32
656,252779,-21,0,0,0
657,253079,-21,0,0,0
658,253379,-21,0,0,0
659,253679,-21,0,0,0
660,253979,-21,0,0,0
661,254279,-18,3000,0,0
662,254579,-18,3000,0,0
663,254879,-18,3000,0,0
664,255179,-18,3000,0,0
665,255479,-18,3000,0,0
666,255779,-18,3000,0,0
667,256079,-14,4000,0,0
668,256379,-14,4000,0,0
669,256679,-14,4000,0,0
670,256979,-14,4000,0,0
671,257279,-14,4000,0,0
672,257579,-14,4000,0,0
673,257879,-13,1000,0,0
674,258179,-13,1000,0,0
675,258479,-13,1000,0,0
676,258779,-13,1000,0,0
677,259079,-13,1000,0,0
678,259379,-13,1000,0,0
679,259679,-13,0,0,0
680,259979,-13,0,0,0
681,260279,-13,0,0,0
682,260579,-13,0,0,0
683,260879,-13,0,0,0
684,261179,-13,0,0,0
685,261479,-14,-1000,0,0
686,261779,-14,-1000,0,0
687,262079,-14,-1000,0,0
688,262379,-14,-1000,0,0
689,262679,-14,-1000,0,0
690,262979,-14,-1000,0,0
691,263279,-14,0,0,0
692,263579,-14,0,0,0
693,263879,-14,0,0,0
694,264179,-14,0,0,0
695,264479,-14,0,0,0
696,264779,-14,0,0,0
697,265079,-14,0,0,0
698,265379,-14,0,0,0
699,265679,-14,0,0,0
