1,56269,0,0,0,0
2,56894,0,0,0,0
3,57519,0,0,0,0
4,58144,0,0,0,0
5,58769,0,0,0,0
6,59394,0,0,0,0
7,60019,0,0,0,0
8,60644,0,0,0,0
9,61269,0,0,0,0
10,61894,0,0,0,0
11,62519,0,0,0,0
12,63144,0,0,0,0
13,63769,0,0,0,0
14,64394,0,0,0,0
15,65019,0,0,0,0
16,65644,0,0,0,0
17,66269,0,0,0,0
18,66894,0,0,0,0
19,67519,0,0,0,0
20,68144,0,0,0,0
21,68769,0,0,0,0
22,69394,0,0,0,0
23,70019,0,0,0,0
24,70644,0,0,0,0
25,71269,0,0,0,0
26,71894,0,0,0,0
27,72519,0,0,0,0
28,73144,0,0,0,0
29,73769,0,0,0,0
30,74394,0,0,0,0
31,75019,0,0,0,0
32,75644,0,0,0,0
33,76269,0,0,0,0
34,76894,0,0,0,0
35,77519,0,0,0,0
36,78144,0,0,0,0
37,78769,0,0,0,0
38,79394,0,0,0,0
39,80019,0,0,0,0
40,80644,0,0,0,0
41,81269,0,0,0,0
42,81894,0,0,0,0
43,82519,0,0,0,0
44,83144,0,0,0,0
45,83769,0,0,0,0
46,84394,0,0,0,0
47,85019,0,0,0,0
48,85644,0,0,0,0
49,86269,0,0,0,0
50,86894,0,0,0,0
51,87519,0,0,0,0
52,88144,0,0,0,0
53,88769,0,0,0,0
54,89394,0,0,0,0
55,90019,0,0,0,0
56,90644,0,0,0,0
57,91269,0,0,0,0
58,91894,0,0,0,0
59,92519,0,0,0,0
60,93144,0,0,0,0
61,93769,0,0,0,0
62,94394,0,0,0,0
63,95019,0,0,0,0
64,95644,0,0,0,0
65,96269,0,0,0,0
66,96894,0,0,0,0
67,97519,0,0,0,0
68,98144,0,0,0,0
69,98769,0,0,0,0
70,99394,0,0,0,0
71,100019,0,0,0,0
72,100644,0,0,0,0
73,101269,0,0,0,0
74,101894,0,0,0,0
75,102519,0,0,0,0
76,103144,0,0,0,0
77,103769,0,0,0,0
78,104394,0,0,0,0
79,105019,0,0,0,0
80,105644,0,0,0,0
81,106269,0,0,0,0
82,106894,0,0,0,0
83,107519,0,0,0,0
84,108144,0,0,0,0
85,108769,0,0,0,0
86,109394,0,0,0,0
87,110019,0,0,0,0
88,110644,0,0,0,0
89,111269,0,0,0,0
90,111894,0,0,0,0
91,112519,0,0,0,0
92,113144,0,0,0,0
93,113769,0,0,0,0
94,114394,0,0,0,0
95,115019,0,0,0,0
96,115644,0,0,0,0
97,116269,0,0,0,0
98,116894,0,0,0,0
99,117519,0,0,0,0
100,118144,0,0,0,0
101,118769,0,0,187,0
102,119394,0,0,187,0
103,120019,0,0,187,272
104,120644,0,0,187,1216
105,121269,0,0,187,1280
106,121894,0,0,187,1344
107,122519,0,0,187,1392
108,123144,0,0,187,1440
109,123769,-2,-2000,187,1376
110,124394,-2,-2000,187,1328
111,125019,-2,-2000,187,1312
112,125644,-2,-2000,187,1328
113,126269,-2,-2000,187,1328
114,126894,-2,-2000,187,1328
115,127519,-2,0,187,1344
116,128144,-2,0,187,1328
117,128769,-2,0,187,1344
118,129394,-2,0,187,1344
119,130019,-2,0,187,1360
120,130644,-2,0,187,1376
121,131269,-3,-1000,187,1376
122,131894,-3,-1000,187,1360
123,132519,-3,-1000,187,1376
124,133144,-3,-1000,187,1392
125,133769,-3,-1000,187,1392
126,134394,-3,-1000,187,1392
127,135019,-3,0,187,1392
128,135644,-3,0,187,1392
129,136269,-3,0,187,1408
130,136894,-3,0,187,1424
131,137519,-3,0,187,1424
132,138144,-3,0,187,1424
133,138769,-4,-1000,187,1424
134,139394,-4,-1000,187,1424
135,140019,-4,-1000,187,1424
136,140644,-4,-1000,187,1424
137,141269,-4,-1000,187,1408
138,141894,-4,-1000,187,1424
139,142519,-4,0,187,1424
140,143144,-4,0,187,1424
141,143769,-4,0,187,1424
142,144394,-4,0,187,1408
143,145019,-4,0,187,1408
144,145644,-4,0,187,1408
145,146269,-4,0,187,1408
146,146894,-4,0,187,1408
147,147519,-4,0,187,1392
148,148144,-4,0,187,1392
149,148769,-4,0,187,1392
150,149394,-4,0,187,1392
151,150019,-4,0,187,1392
152,150644,-4,0,187,1408
153,151269,-4,0,187,1392
154,151894,-4,0,187,1424
155,152519,-4,0,187,1408
156,153144,-4,0,187,1392
157,153769,-5,-1000,187,1408
158,154394,-5,-1000,187,1408
159,155019,-5,-1000,187,1408
160,155644,-5,-1000,187,1408
161,156269,-5,-1000,187,1408
162,156894,-5,-1000,187,1408
163,157519,-5,0,187,1408
164,158144,-5,0,187,1408
165,158769,-5,0,187,1392
166,159394,-5,0,187,1392
167,160019,-5,0,187,1392
168,160644,-5,0,187,1392
169,161269,-5,0,187,1408
170,161894,-5,0,187,1392
171,162519,-5,0,187,1408
172,163144,-5,0,187,1424
173,163769,-5,0,187,1424
174,164394,-5,0,187,1424
175,165019,-4,1000,187,1440
176,165644,-4,1000,187,1392
177,166269,-4,1000,187,1408
178,166894,-4,1000,187,1392
179,167519,-4,1000,187,1392
180,168144,-4,1000,187,1392
181,168769,-4,0,187,1392
182,169394,-4,0,187,1408
183,170019,-4,0,187,1408
184,170644,-4,0,187,1408
185,171269,-4,0,187,1408
186,171894,-4,0,187,1392
187,172519,-5,-1000,187,1392
188,173144,-5,-1000,187,1392
189,173769,-5,-1000,187,1408
190,174394,-5,-1000,187,1424
191,175019,-5,-1000,187,1424
192,175644,-5,-1000,187,1408
193,176269,-5,0,187,1408
194,176894,-5,0,187,1392
195,177519,-5,0,187,1376
196,178144,-5,0,187,1344
197,178769,-5,0,187,1376
198,179394,-5,0,187,1376
199,180019,-5,0,187,1376
200,180644,-5,0,187,1376
201,181269,-5,0,187,1392
202,181894,-5,0,187,1392
203,182519,-5,0,187,1408
204,183144,-5,0,187,1408
205,183769,-6,-1000,187,1424
206,184394,-6,-1000,187,1440
207,185019,-6,-1000,187,1440
208,185644,-6,-1000,187,1408
209,186269,-6,-1000,187,1408
210,186894,-6,-1000,187,1376
211,187519,-6,0,187,1376
212,188144,-6,0,187,1392
213,188769,-6,0,187,1392
214,189394,-6,0,187,1408
215,190019,-6,0,187,1424
216,190644,-6,0,187,1408
217,191269,-7,-1000,187,1408
218,191894,-7,-1000,187,1424
219,192519,-7,-1000,187,1424
220,193144,-7,-1000,187,1408
221,193769,-7,-1000,187,1424
222,194394,-7,-1000,187,1440
223,195019,-6,1000,187,1440
224,195644,-6,1000,187,1328
225,196269,-6,1000,187,1344
226,196894,-6,1000,187,1312
227,197519,-6,1000,187,1296
228,198144,-6,1000,187,1280
229,198769,-6,0,187,1280
230,199394,-6,0,187,1296
231,200019,-6,0,187,1280
232,200644,-6,0,187,1280
233,201269,-6,0,187,1264
234,201894,-6,0,187,1376
235,202519,-6,0,187,1408
236,203144,-6,0,187,1408
237,203769,-6,0,187,1440
238,204394,-6,0,187,1456
239,205019,-6,0,187,1424
240,205644,-6,0,187,1392
241,206269,-7,-1000,187,1392
242,206894,-7,-1000,187,1376
243,207519,-7,-1000,187,1392
244,208144,-7,-1000,187,1408
245,208769,-7,-1000,187,1424
246,209394,-7,-1000,187,1424
247,210019,-7,0,187,1440
248,210644,-7,0,187,1456
249,211269,-7,0,187,1488
250,211894,-7,0,187,1472
251,212519,-7,0,0,1488
252,213144,-7,0,0,1488
253,213769,-8,-1000,0,976
254,214394,-8,-1000,0,16
255,215019,-8,-1000,0,0
256,215644,-8,-1000,0,0
257,216269,-8,-1000,0,0
258,216894,-8,-1000,0,0
259,217519,-6,2000,0,0
260,218144,-6,2000,0,0
261,218769,-6,2000,0,0
262,219394,-6,2000,0,0
263,220019,-6,2000,0,0
264,220644,-6,2000,0,0
265,221269,-5,1000,0,0
266,221894,-5,1000,0,0
267,222519,-5,1000,0,0
268,223144,-5,1000,0,0
269,223769,-5,1000,0,0
270,224394,-5,1000,0,0
271,225019,-6,-1000,0,0
272,225644,-6,-1000,0,0
273,226269,-6,-1000,0,0
274,226894,-6,-1000,0,0
275,227519,-6,-1000,0,0
276,228144,-6,-1000,0,0
277,228769,-5,1000,0,0
278,229394,-5,1000,0,0
279,230019,-5,1000,0,0
280,230644,-5,1000,0,0
281,231269,-5,1000,0,0
282,231894,-5,1000,0,0
283,232519,-5,0,0,0
284,233144,-5,0,0,0
285,233769,-5,0,0,0
286,234394,-5,0,0,0
287,235019,-5,0,0,0
288,235644,-5,0,0,0
289,236269,-5,0,0,0
290,236894,-5,0,0,0
291,237519,-5,0,0,0
292,238144,-5,0,0,0
293,238769,-5,0,0,0
294,239394,-5,0,0,0
295,240019,-5,0,0,0
296,240644,-5,0,0,0
297,241269,-5,0,0,0
298,241894,-5,0,0,0
299,242519,-5,0,0,0
300,243144,-5,0,0,0
301,243769,-4,1000,0,0
302,244394,-4,1000,0,0
303,245019,-4,1000,0,0
304,245644,-4,1000,0,0
305,246269,-4,1000,0,0
306,246894,-4,1000,0,0
307,247519,-3,1000,0,0
308,248144,-3,1000,0,0
309,248769,-3,1000,0,0
310,249394,-3,1000,0,0
311,250019,-3,1000,0,0
312,250644,-3,1000,0,0
313,251269,-4,-1000,0,0
314,251894,-4,-1000,0,0
315,252519,-4,-1000,0,0
316,253144,-4,-1000,0,0
317,253769,-4,-1000,0,0
318,254394,-4,-1000,0,0
319,255019,-3,1000,0,0
320,255644,-3,1000,0,0
321,256269,-3,1000,0,0
322,256894,-3,1000,0,0
323,257519,-3,1000,0,0
324,258144,-3,1000,0,0
325,258769,-1,2000,0,0
326,259394,-1,2000,0,0
327,260019,-1,2000,0,0
328,260644,-1,2000,0,0
329,261269,-1,2000,0,0
330,261894,-1,2000,0,0
331,262519,0,1000,0,0
332,263144,0,1000,0,0
333,263769,0,1000,0,0
334,264394,0,1000,0,0
335,265019,0,1000,0,0
336,265644,0,1000,0,0
337,266269,1,1000,0,0
338,266894,1,1000,0,0
339,267519,1,1000,0,0
340,268144,1,1000,0,0
341,268769,1,1000,0,0
342,269394,1,1000,0,0
343,270019,3,2000,0,0
344,270644,3,2000,0,0
345,271269,3,2000,0,0
346,271894,3,2000,0,0
347,272519,3,2000,0,0
348,273144,3,2000,0,0
349,273769,1,-2000,0,0
350,274394,1,-2000,0,0
351,275019,1,-2000,312,0
352,275644,1,-2000,312,0
353,276269,1,-2000,312,704
354,276894,1,-2000,312,3600
355,277519,1,0,312,3840
356,278144,1,0,312,4016
357,278769,1,0,312,4112
358,279394,1,0,312,4192
359,280019,1,0,312,4144
360,280644,1,0,312,4032
361,281269,0,-1000,312,4016
362,281894,0,-1000,312,4080
363,282519,0,-1000,312,4144
364,283144,0,-1000,312,4176
365,283769,0,-1000,312,4112
366,284394,0,-1000,312,4064
367,285019,-2,-2000,312,4096
368,285644,-2,-2000,312,4144
369,286269,-2,-2000,312,4160
370,286894,-2,-2000,312,4080
371,287519,-2,-2000,312,4144
372,288144,-2,-2000,312,4176
373,288769,-3,-1000,312,4160
374,289394,-3,-1000,312,4224
375,290019,-3,-1000,312,4176
376,290644,-3,-1000,312,4208
377,291269,-3,-1000,312,4192
378,291894,-3,-1000,312,4224
379,292519,-4,-1000,312,4192
380,293144,-4,-1000,312,4192
381,293769,-4,-1000,312,4240
382,294394,-4,-1000,312,4240
383,295019,-4,-1000,312,4224
384,295644,-4,-1000,312,4224
385,296269,-5,-1000,312,4240
386,296894,-5,-1000,312,4240
387,297519,-5,-1000,312,4208
388,298144,-5,-1000,312,4272
389,298769,-5,-1000,312,4272
390,299394,-5,-1000,312,4272
391,300019,-5,0,312,4288
392,300644,-5,0,312,4288
393,301269,-5,0,312,4288
394,301894,-5,0,312,4288
395,302519,-5,0,312,4272
396,303144,-5,0,312,4224
397,303769,-5,0,312,4240
398,304394,-5,0,312,4192
399,305019,-5,0,312,4176
400,305644,-5,0,312,4144
401,306269,-5,0,312,4176
402,306894,-5,0,312,4176
403,307519,-6,-1000,312,4192
404,308144,-6,-1000,312,4192
405,308769,-6,-1000,312,4208
406,309394,-6,-1000,312,4144
407,310019,-6,-1000,312,4176
408,310644,-6,-1000,312,4224
409,311269,-7,-1000,312,4160
410,311894,-7,-1000,312,4048
411,312519,-7,-1000,312,4192
412,313144,-7,-1000,312,4224
413,313769,-7,-1000,312,4240
414,314394,-7,-1000,312,4256
415,315019,-7,0,312,4224
416,315644,-7,0,312,4240
417,316269,-7,0,312,4240
418,316894,-7,0,312,4256
419,317519,-7,0,312,4288
420,318144,-7,0,312,4288
421,318769,-8,-1000,312,4288
422,319394,-8,-1000,312,4272
423,320019,-8,-1000,312,4288
424,320644,-8,-1000,312,4176
425,321269,-8,-1000,312,4192
426,321894,-8,-1000,312,4256
427,322519,-8,0,312,4256
428,323144,-8,0,312,4272
429,323769,-8,0,312,4208
430,324394,-8,0,312,4208
431,325019,-8,0,312,4192
432,325644,-8,0,312,4224
433,326269,-10,-2000,312,4240
434,326894,-10,-2000,312,4256
435,327519,-10,-2000,312,4256
436,328144,-10,-2000,312,4272
437,328769,-10,-2000,312,4272
438,329394,-10,-2000,312,4240
439,330019,-13,-3000,312,4224
440,330644,-13,-3000,312,4240
441,331269,-13,-3000,312,4224
442,331894,-13,-3000,312,4224
443,332519,-13,-3000,312,4192
444,333144,-13,-3000,312,4208
445,333769,-15,-2000,312,4208
446,334394,-15,-2000,312,4208
447,335019,-15,-2000,312,4192
448,335644,-15,-2000,312,4240
449,336269,-15,-2000,312,4208
450,336894,-15,-2000,312,4192
451,337519,-16,-1000,0,4240
452,338144,-16,-1000,0,4240
453,338769,-16,-1000,0,2912
454,339394,-16,-1000,0,64
455,340019,-16,-1000,0,0
456,340644,-16,-1000,0,0
457,341269,-15,1000,0,0
458,341894,-15,1000,0,0
459,342519,-15,1000,0,0
460,343144,-15,1000,0,0
461,343769,-15,1000,0,0
462,344394,-15,1000,0,0
463,345019,-14,1000,0,0
464,345644,-14,1000,0,0
465,346269,-14,1000,0,0
466,346894,-14,1000,0,0
467,347519,-14,1000,0,0
468,348144,-14,1000,0,0
469,348769,-13,1000,0,0
470,349394,-13,1000,0,0
471,350019,-13,1000,0,0
472,350644,-13,1000,0,0
473,351269,-13,1000,0,0
474,351894,-13,1000,0,0
475,352519,-13,0,0,0
476,353144,-13,0,0,0
477,353769,-13,0,0,0
478,354394,-13,0,0,0
479,355019,-13,0,0,0
480,355644,-13,0,0,0
481,356269,-14,-1000,0,0
482,356894,-14,-1000,0,0
483,357519,-14,-1000,0,0
484,358144,-14,-1000,0,0
485,358769,-14,-1000,0,0
486,359394,-14,-1000,0,0
487,360019,-15,-1000,0,0
488,360644,-15,-1000,0,0
489,361269,-15,-1000,0,0
490,361894,-15,-1000,0,0
491,362519,-15,-1000,0,0
492,363144,-15,-1000,0,0
493,363769,-17,-2000,0,0
494,364394,-17,-2000,0,0
495,365019,-17,-2000,0,0
496,365644,-17,-2000,0,0
497,366269,-17,-2000,0,0
498,366894,-17,-2000,0,0
499,367519,-16,1000,0,0
500,368144,-16,1000,0,0
501,368769,-16,1000,437,0
502,369394,-16,1000,437,0
503,370019,-16,1000,437,1104
504,370644,-16,1000,437,7264
505,371269,-20,-4000,437,7728
506,371894,-20,-4000,437,7888
507,372519,-20,-4000,437,8224
508,373144,-20,-4000,437,8352
509,373769,-20,-4000,437,8224
510,374394,-20,-4000,437,7984
511,375019,-23,-3000,437,7968
512,375644,-23,-3000,437,8112
513,376269,-23,-3000,437,8144
514,376894,-23,-3000,437,8384
515,377519,-23,-3000,437,8432
516,378144,-23,-3000,437,8368
517,378769,-30,-7000,437,8352
518,379394,-30,-7000,437,8560
519,380019,-30,-7000,437,8592
520,380644,-30,-7000,437,8464
521,381269,-30,-7000,437,8432
522,381894,-30,-7000,437,8448
523,382519,-34,-4000,437,8512
524,383144,-34,-4000,437,8512
525,383769,-34,-4000,437,8496
526,384394,-34,-4000,437,8512
527,385019,-34,-4000,437,8512
528,385644,-34,-4000,437,8576
529,386269,-36,-2000,437,8672
530,386894,-36,-2000,437,8656
531,387519,-36,-2000,437,8640
532,388144,-36,-2000,437,8656
533,388769,-36,-2000,437,8704
534,389394,-36,-2000,437,8736
535,390019,-37,-1000,437,8736
536,390644,-37,-1000,437,8816
537,391269,-37,-1000,437,8768
538,391894,-37,-1000,437,8720
539,392519,-37,-1000,437,8848
540,393144,-37,-1000,437,8832
541,393769,-39,-2000,437,8816
542,394394,-39,-2000,437,8816
543,395019,-39,-2000,437,8816
544,395644,-39,-2000,437,8736
545,396269,-39,-2000,437,8784
546,396894,-39,-2000,437,8768
547,397519,-41,-2000,437,8736
548,398144,-41,-2000,437,8768
549,398769,-41,-2000,437,8736
550,399394,-41,-2000,437,8720
551,400019,-41,-2000,0,8768
552,400644,-41,-2000,0,8816
553,401269,-41,0,0,5808
554,401894,-41,0,0,128
555,402519,-41,0,0,0
556,403144,-41,0,0,0
557,403769,-41,0,0,0
558,404394,-41,0,0,0
559,405019,-38,3000,0,0
560,405644,-38,3000,0,0
561,406269,-38,3000,0,0
562,406894,-38,3000,0,0
563,407519,-38,3000,0,0
564,408144,-38,3000,0,0
565,408769,-35,3000,0,0
566,409394,-35,3000,0,0
567,410019,-35,3000,0,0
568,410644,-35,3000,0,0
569,411269,-35,3000,0,0
570,411894,-35,3000,0,0
571,412519,-34,1000,0,0
572,413144,-34,1000,0,0
573,413769,-34,1000,0,0
574,414394,-34,1000,0,0
575,415019,-34,1000,0,0
576,415644,-34,1000,0,0
577,416269,-34,0,0,0
578,416894,-34,0,0,0
579,417519,-34,0,0,0
580,418144,-34,0,0,0
581,418769,-34,0,0,0
582,419394,-34,0,0,0
583,420019,-35,-1000,0,0
584,420644,-35,-1000,0,0
585,421269,-35,-1000,0,0
586,421894,-35,-1000,0,0
587,422519,-35,-1000,0,0
588,423144,-35,-1000,0,0
589,423769,-38,-3000,0,0
590,424394,-38,-3000,0,0
591,425019,-38,-3000,0,0
592,425644,-38,-3000,0,0
593,426269,-38,-3000,0,0
594,426894,-38,-3000,0,0
595,427519,-39,-1000,0,0
596,428144,-39,-1000,0,0
597,428769,-39,-1000,0,0
598,429394,-39,-1000,0,0
599,430019,-39,-1000,0,0
600,430644,-39,-1000,0,0
601,431269,-41,-2000,437,0
602,431894,-41,-2000,437,0
603,432519,-41,-2000,437,1488
604,433144,-41,-2000,437,7792
605,433769,-41,-2000,437,8272
606,434394,-41,-2000,437,8416
607,435019,-47,-6000,437,8736
608,435644,-47,-6000,437,8848
609,436269,-47,-6000,437,8576
610,436894,-47,-6000,437,8400
611,437519,-47,-6000,437,8480
612,438144,-47,-6000,437,8576
613,438769,-50,-3000,437,8512
614,439394,-50,-3000,437,8720
615,440019,-50,-3000,437,8976
616,440644,-50,-3000,437,8976
617,441269,-50,-3000,437,8976
618,441894,-50,-3000,437,9136
619,442519,-54,-4000,437,9200
620,443144,-54,-4000,437,9008
621,443769,-54,-4000,437,9056
622,444394,-54,-4000,437,9120
623,445019,-54,-4000,437,9152
624,445644,-54,-4000,437,9280
625,446269,-57,-3000,437,9312
626,446894,-57,-3000,437,9136
627,447519,-57,-3000,437,9200
628,448144,-57,-3000,437,9232
629,448769,-57,-3000,437,9136
630,449394,-57,-3000,437,9344
631,450019,-58,-1000,437,9328
632,450644,-58,-1000,437,9344
633,451269,-58,-1000,437,9440
634,451894,-58,-1000,437,9408
635,452519,-58,-1000,437,9296
636,453144,-58,-1000,437,9408
637,453769,-59,-1000,437,9408
638,454394,-59,-1000,437,9408
639,455019,-59,-1000,437,9328
640,455644,-59,-1000,437,8944
641,456269,-59,-1000,437,9104
642,456894,-59,-1000,437,9120
643,457519,-59,0,437,9088
644,458144,-59,0,437,9168
645,458769,-59,0,437,9232
646,459394,-59,0,437,9248
647,460019,-59,0,437,9232
648,460644,-59,0,437,9184
649,461269,-60,-1000,437,9120
650,461894,-60,-1000,437,9232
651,462519,-60,-1000,0,9200
652,463144,-60,-1000,0,9280
653,463769,-60,-1000,0,6592
654,464394,-60,-1000,0,160
655,465019,-58,2000,0,0
656,465644,-58,2000,0,0
657,466269,-58,2000,0,0
658,466894,-58,2000,0,0
659,467519,-58,2000,0,0
660,468144,-58,2000,0,0
661,468769,-57,1000,0,0
662,469394,-57,1000,0,0
663,470019,-57,1000,0,0
664,470644,-57,1000,0,0
665,471269,-57,1000,0,0
666,471894,-57,1000,0,0
667,472519,-54,3000,0,0
668,473144,-54,3000,0,0
669,473769,-54,3000,0,0
670,474394,-54,3000,0,0
671,475019,-54,3000,0,0
672,475644,-54,3000,0,0
673,476269,-53,1000,0,0
674,476894,-53,1000,0,0
675,477519,-53,1000,0,0
676,478144,-53,1000,0,0
677,478769,-53,1000,0,0
678,479394,-53,1000,0,0
679,480019,-53,0,0,0
680,480644,-53,0,0,0
681,481269,-53,0,0,0
682,481894,-53,0,0,0
683,482519,-53,0,0,0
684,483144,-53,0,0,0
685,483769,-54,-1000,0,0
686,484394,-54,-1000,0,0
687,485019,-54,-1000,0,0
688,485644,-54,-1000,0,0
689,486269,-54,-1000,0,0
690,486894,-54,-1000,0,0
691,487519,-56,-2000,0,0
692,488144,-56,-2000,0,0
693,488769,-56,-2000,0,0
694,489394,-56,-2000,0,0
695,490019,-56,-2000,0,0
696,490644,-56,-2000,0,0
697,491269,-57,-1000,0,0
698,491894,-57,-1000,0,0
699,492519,-57,-1000,0,0
